134
76
107
118
105
119
109
128
76
99
117
114
98
74
78
134
124
97
118
123
112
119
98
130
121
119
109
96
117
94
117
106
112
85
88
114
113
113
89
99
114
111
118
104
105
106
118
83
124
137
102
109
109
83
118
97
126
108
97
128
126
116
91
99
86
145
111
114
121
107
148
115
113
94
96
116
99
131
100
101
99
113
129
123
97
114
101
102
103
106
109
113
88
112
112
105
124
90
90
110
83
100
89
107
122
112
95
106
115
124
129
86
91
106
116
116
97
109
104
131
99
106
113
91
90
92
75
129
112
120
123
104
127
126
111
113
106
130
102
113
107
84
116
96
132
116
103
112
81
99
100
81
94
75
106
140
63
155
108
107
92
112
100
157
93
107
125
132
81
112
93
96
84
124
127
140
118
74
85
109
128
116
94
90
137
102
113
133
99
107
132
113
127
114
105
96
126
95
111
118
