100
528.4
505.6
486.4
508.8
506
499.6
494.4
496.4
515.6
491.2
513.2
496.4
504.8
502.8
499.6
505.2
505.2
499.6
512.4
498
487.2
506
508
494.4
492
505.2
513.6
491.6
507.2
483.6
504
509.2
496
493.6
510.8
498
502.8
493.6
503.6
509.2
500.8
495.6
513.2
493.6
496
516
498
492.8
502.8
491.2
507.6
487.2
510.4
505.6
510
508.8
505.2
499.6
500
508
501.6
504.8
498.4
498
501.6
486.4
509.2
492
513.2
500
488
520
523.6
501.6
498.8
511.6
494.4
494.4
490
501.2
502
497.6
504
507.2
510
496.4
500.8
531.2
500.8
506.4
496.4
488.4
498.4
511.2
487.2
495.2
490
502
509.2
498.4
