100
43151352121421311123215134454132311332411112315413333435332131451141221441311442
13144351533441343114415242215342242512524454143313441351141215325543354341244125
55554524532241535354312113115424524332324134222123245315213121414413154113522345
55354515252311411141542523155544135523452134335333121444145555512225422544413515
21321131222123354124334134453414132114321144543444213225224454424344135335143122
11242534124225552332242114534345333245253535431221411211554434323232313135234253
25331335535444215523245411242331255254314542322534254334315132114243145435551314
32321223534451555545335521245223111152142123132235324222455434134315413212431555
12241554422124121322343522433324234221222155121242533444223552534343321122533113
25515322241355514552122342214242353454514234321232333121434212153344334153141153
24152425254434413245452543455544115251331313145551412155554453253134251432355525
52514153112255323214314543242553113515235514252414442255135324531544451524533134
21234144141243422252451235132313342313113433134423553532134221214335252434252535
32123353242313522214344135515554325344524312253135453425422533354424445532151355
25513131442344344133142412331434344211352145213542211543332311154522213311424222
55225314532334445552221325123432421511323143553442235353255444242252524254143342
11123551111142431545223314133414412321333354211454333253552515515144431112442124
21142134243432552535253433254535555222542242531125311543414253323234324553142314
43444433121344435125424341315313113142523144421344223213435352222133324242525323
35424152342215443315113545334151353154422214213155251414314113435354143453335534
14515122355343335245213452113144131552423322511144211142312535545154433224531234
14435424233453445443311212414251255311121155345443331111252233444144145142232115
44444512141314351152254513523533531544442435431555314331524331231544323452314354
54133313442253152454325214444543352122531112533232251141224525214332524241343521
33231532241532211545131255534152511534344351113221355115524445235252242243444325
45155111241532551134451241144414513121231254145342143312132412233134143232232152
42342322532253423221242435312455325443251332225451414223111255423523352524132531
54452253251311431255134234155421422531422542231415324132413544543235441152411551
12223233253252545444211141245353414323134315154344324333313532415441111431553343
11423343314552345112115544134524525555223242315435553113112423344433412122212341
45535525234153411354311124351152514121545545222311334452222543154155315315443513
51531122233525151523112135454231425451215532433154452524223555534535255244344553
15444522312333234521432444225145543131224513335143142425231411324323312352541124
54223531544514121515223344442551334232322332155141322552531142414251522144521144
11352412334142331235523424224535124254522422214234425123132451352331432215322214
51313153131531443143324532455451423152555544523543442334115515213434223341254113
35312554313521324552435453343432353144434333324333412542445142511231211555421213
21131141452211434115311255323544142352352144324354221542133531452243514342211545
52153413455325231522215521122113244541425341221432352211432235425233212312344351
22235333221534122315522241321442234124532541542132554334325355412535523131322421
23525553115131345144431233513224413154335434422342334314554435543244211345152525
15424121324543511313525133512314212323345155155145543243453525311234454525424533
22313333212322525223355555355243113533315111455341333244325234131431321221213151
42533433524422435132455531254224311313551513142214545432253234552242134134552122
13512423554255433253535435312123433231432414541212124553143321255113112512551531
23222355144255345532541232332555231122241532452352112254521122251322131343122313
42155514132453152243245511445445241151524113534212442542243121241312323145542153
43114141113535552511212553343414134214212151541113223535433415242254532133232454
13214453321432245354515233111143555414132334415331321415131351153235354422522115
33332544312224115552133244531523512115431214544233512243245433123445454115433412
35244112421343242232142432352314452455153344552121244543112255244145241414211532
15214142325332332123223435134411524544125115432551434121243145332152455125554114
34122443543333313232322523453551534132425323513342114422113525212541443311233221
54332512213555234532322125313413212523333544451555342445131333513454143541543234
11221323221512242442223544115541232325233244112242155524441335354245152443413221
34231534333143521331221241212135444111133434345315551314351255335145313242531223
12411215131525415414531545313443225455454145131231125123214514432432511442341553
52542341342325255515245524324513124542235333242255325411214524543531111233121251
32442413145251125542143313141511344445455534535151254442322312312445344232141245
42135212322354312451413245213332431411234333423224311241352524333334541343245151
54322134341123311545155141452533154211331352535243444343542114511441115234533412
24553143115115315235441251121134254422324352244124212321545212123134453322152124
44433234542512432141215142552431413322331453132455415513133335533451244423142531
43315155544215133535333151515435315232425255254112254551213111243422553444123443
21235333123141114543414411234123155234452321333222124135142211435544543135114442
21352244335333122131254414144125225535352351525442153414514321532141511432455333
45521522524325255515135343233151344552154142112552154532311542213352123422122241
54334513234242234355145355433212331143525341123224123244432114531254215155312123
44435323251432233334442344351125422445324311143132411214355313444343221111121144
22441143132151143534331514314142553551424525535442332522324323234445422445154544
43152315114255233554234544131414143535135412424325354213212254222114211452555341
52535551335221532123321255355421523135152233331154522312253334542342423231525224
22234242232423552315142413251452214255534332122222422252143122455431523425524355
53134354121414325244532124421412325241214341334242134413414545143253233151353213
33544232313321142211533155521141511323243442442313352222125441131134545443533223
11422154424224441322131525453523232353334242225554123135314222254343225355432423
45112424153544443344151552235155222324435143424312111425512133545311145313512534
14224313555221233311323454134414445223134225235425451352224552535213433444353215
31144225331315251551244124242255355331213455515321344412422514153521353232224341
54154132443424325144511444343312113135423222225123245425243121241451534215523452
11521112214515335434412432122235421454214551143533515312114343225451213554552511
22312452151524133334351552441244522121522533411335322311524255143454442555455122
15544343452544332412423111524454552322321411453545342544211545354122513215345255
22351435154154554145212434322215154354253154441424451533524341313334154155151154
43324245435454421114214121222222143532111515314111433454423534435142224431431431
13551231523431321255553253451123542552143542513544133452153435123524144532242151
21344431424112253533532445233434422411113235512231424232414143445222554411351413
51254412422512324233131335411152131133321112353113515555132133231213231233323323
53114525332234232223435324541342143154544213225333332254514142212112215242453545
21214411441434442525241254355313453435414423553315245251242323552534421422134424
53311414331451532435234421324555445531325451113242111112233245233122343444444325
45555233432543215555543434433124533142151214125531124121431354112312213223141243
21251531454334314155321223524322154141235524355324245553455343142452431523414545
32343322431251135215422212241253123314443112231342425232315354252545553355132222
51314222331233344353235441134545522533122454124154333511243232145234111245214515
55224555323253511453421212214453425434152332124323111142514314542154455122445441
44341222414444554455342122215533512223453233244323213544151514551112513552211134
51235512442141543222541455422411125333411234222153343522131231534421113125113414
15352122544213243314531442415113152435523513441213535215315313532114131523331513
32543241253324241543213535431435544312321215255243524231321553521343135342221131
