100
511.2
508.0
506.0
500.8
500.8
507.2
503.6
512.0
501.2
517.6
512.4
497.6
495.6
494.8
509.6
500.0
514.8
498.0
504.4
486.4
500.8
510.0
514.4
494.8
495.6
498.0
504.4
498.4
524.4
501.6
508.8
493.6
501.2
503.6
498.8
498.0
518.0
508.0
505.6
490.0
514.4
505.6
494.4
504.4
483.6
504.4
499.2
491.6
502.0
498.8
518.8
487.2
500.0
507.6
498.0
500.8
504.4
486.4
504.4
504.4
498.8
494.4
491.6
495.6
505.2
506.8
504.4
497.2
507.2
511.6
487.2
499.2
508.4
509.6
509.6
498.0
497.2
506.0
492.0
499.2
505.2
508.0
495.6
494.8
518.0
515.2
515.6
505.6
490.0
492.0
509.6
509.2
496.0
504.4
502.8
505.2
507.6
490.0
513.6
495.6
