100
45341423132311144415412133521432315543411143343125331435142324411515345315234412
43413255532423422434553544525543423154252353231421435425234344525442353452314512
55413331211145251315233312451133543415222225315552432112213511234131314423125214
35112354343141341213354444235314435511554255443511432235252144223315315144535545
24233424552353422224211213122413522233224353254315342415111424315444351132311114
33413425253535245532152511132331521525454211324533342534554323344133532513511554
52433125322442454325154125151555433151522432231212114112541235232144155234312122
44424145444215445425443322154433331344525352415342445343145524412445551121223111
41233235544324135124554352424443422331244341143542531555133233412534115133111424
52351214155545551413154444444245311143112253114311115115413531153221441352224554
12222222311522115323142333415522133241412125235123124411253344421332434541153234
55233351423413531544235535223122551245322234541232524113241442131325313122431143
25425211512124551115135555223344253433144242541341221232313533124351555525233454
22245452444214551422512335125251531415323131142323411213314341543141512531254322
21424412124523313315441342324135124221332325511533132132221225353115252523515224
42422115211551433124551145431531415215242441425233222255334342422515423521235444
12251113521431212252551454114142411433234433114235344541541142254431115212413442
13244111441552135352453434254234555325325334133515414311143215521114311253313225
15213225313325455432431435121214424352422244145252452131552222555424523433432351
45222221134214324133353521555121242354553341134441435344433555513254213143111521
22324154144535321452555325521323411522325335351511452343432535411452555442534151
33542335241444212343452311213115325113133133543343122445135433531232451313124542
34344455125544212222125125251335321255321221232443552123212331222452423451221321
23534455434333121134425451255351221552252541242314353232411332113134243351142232
32354532552412212445425545521245134433242555115413111552153333331335325414521123
12313325453342141533134233514134331225254442243245214542434213255511422421231421
13242525524552443121331453413215441214351315215111251412342325225255121123253351
13532241533345431353225353441313335443412435325541552443224424141545442124215111
35255121451511512321253541154151225144425445233331511451555322355515513111321525
23544443112241232441412144345133542342244332111214515115153252452245414253153125
21533523511144253111314231224315524225132132121323544123332124211544111235341534
55432121532223445325344131113512151422512145533421414433135351155343233354441352
35433223423523533524443341343422314522523221135341122315551242314332541454221151
42222411513352152523323454522125351453141525244532255451342155241245141144222314
42512111451542325331231215322325135433542232433521233541432551423113351435214531
54543141335351123112232553232453554254521115324541114253532342133114455233151154
22421512524351541222443115511114322312125442255422522222214444415553354255534522
31345123453251425342445535341423123224455114342435531235323355521444244324345534
14215114251312135123555153142554415532411432354212551421341145522431231243513125
23454221542541321132535332324212411442551351324543343215513325525215424143315123
44312422411252314554131413123213545241541255442411414421124511321254512233214514
14412234413132241425411154334311321133415232522554131215233235251214111224145234
24322345312553112314411243534331334152524331143213543212451541533554251223243424
12415144345114135543145531332512314422443313313331551443245352143521114551334521
21522115132542333151355312243314522123525335225434424141454444245114312435311455
35235231434212522121344254322421333512244511125343331452244345414324235242553144
33111222252512341454441252342121451115551142212421321552131434433211355355133334
55214121341332253252114212454255312411414251313254355322421455452532534443111325
21434244113553112344354121424235324352154325522425411433411254322143443241154252
43241535243141423242333331242452141433511221452241533453431312445424435141252512
52155541543523324152344415352533142535245142435414255535251314512431545255554454
21412333532512142551342453531425125314254154425534254113322433331422313114145532
51451144214451414243215453214154255454231545242355543222414233214453233431314235
35351234422111254322515434535433324332333243222511153511523552434223351211222534
53354553144112541135232255514211145451414214124322241521441522532131133455321143
45352452221452312242511135232551125434115315532122315512124231454341312334422253
44553515311235124142321114442312121513454211334113434454442334415552413243513533
24214213235435431115141432122515332243155254143214114313235542424154525135455235
23253441352125452343433342335541522455425531112512242525315253245541423532244454
51512334322415554333252434434325131223311441453435111545552345442413355334133322
44245334243542122322211111415223211255234244545113424534231215125251343353142314
25151512415151414431251331315342413125323422415412544513233423234135122335115255
11342535453321522424353543512122352414453321433211532245112414515145141542121552
51114521245424412524334111425351523334444332334121555325333424423345321215542414
45554113341541315133531225233333422335223533554231445451325343244113532424131445
14354424541532432111544142145153524331121343245542115114434144352144353343251251
32134433113112252132221543214121445244122322443313424415345143424512413512342332
51532244112432331551542522154333122441441545133424444353452255451531211435454333
14311234455515431343541451443335151135111221124442112312142324545252125441443443
24544121435234322455543323442233331334331225343423513214544122511333122413353154
55221232214544143533451441523454315144452322321533414213454145433551113251322531
53234424424424311313354253535444123255551134114352521553542442215425541114131515
15132221244522522432234434133125343151131423241325154432551435423325322421334322
43121552431321413552345444341551425414313344325241314354144433111521114332425333
55444542332322534354333511315555535325152221135411431153423325232324335143345245
52523441545332541243451423542353544442415332153413113341334431121155255244523253
52545442352554354415353415531432525121225531312113314244132231522251412514551332
55211212425341414312141322455111541352155221221123423511145525335354125331323541
42213414435522342444143512353151533211223411254343413153533252345232243441515553
43311512233112224412431552553442444134213431342142452441235531334133245432153321
15241554415412115453441114251553242453213241513113351123442154312113333113324534
42322542512112442415142311512421542455512222352133511333341522245322412143434142
55425314215521543122434434211245321224154543141512311353434412131352121531251454
24422525255235233115431144112245554345234443321223221431351412123451533514245424
25224441511221441325514311131432445453444412241434444412134221324353254534214453
25123434135434543115544542545133515544512451414242332321541114434524514313411444
51121545545245444224411151255534315325434544553534544341325425312455432442233451
34431431154411422512445221252121125255254254352144224315524142313325254224213534
34213222515542121214412213414143453142434332233215311423453253553423535354511454
42115333415131224141343244553153253345352455413412452425231432312552521155233545
32515322232115141515213331322111221443552352421543123542113411552233424211452115
31323245233534451141425125215224555215143555131154351214144211525252152312311531
43241444335332143553111145454322532121145532152541343514113444333151324223542112
33534314354133124233435231214231145112411515232521323435411253553114314321541152
14352253221112335532231445242322244555431543315253512115225453231522415125315331
24334451211342214432145432421344232533255443111113411345543221135443134512534534
42114155522144532352253324225533333344355155413554324242353215233113552153153344
13541553555241531222153223115152513514323234441153324531233354445345211145444243
41522443242323235223444242223513322412445514241455135415121544315412245241224451
51354441221555215331344345254153344445411122544131222522231532413511443425235544
