-101432259012075536254226259557585248472973238550770448547504459223555006724
-32972555627408511017705922112169929852075818584354436267345703095269774732852
-119601996664873949807173308505642066931172067234794750665658715809612260111359235
2941109779937676451683917290838605451798268091397373475888726034389537739918892865414
-1162033931227911988353978998427074751471970760218595751595632
250037890407932531036564029714539790146185963549222902350319246101536
73815460183339523893408626180338
89516672244165753903884988532492620461559025639108961345
-65643010036678083237684814002869299139621533653463402517658
-133758399443515466203531012509944766454103047357196081847752
41437028515576293522500052477442246204447486968167394191545822048079243953
735976278895443464819366461962625672245384118347538106612936314207782633271113
32638341500957278373065555376848205267325445375957719833265426243451139500464807813624
29169450597182290850582026202130
-3464414144458817957723195444292252817884532414569334158925625714676
9421118265082206343427277029176723543020236071605911987374416262
4774784870244124877602387145
393221300892
13887383143805942090257574682348509350138797522470011936231563281
-35340457341663360119155353215595787589092115
58416793922497219496958986898298446803035775
-2358256111053800774234312611618788930184904362820
99460637
9252058074972958379836771858775273846581351632970223187561873819515379
125626002147070773623642242224089870907333182537389745364
498820111865561224638398343306546846269619619005451690534
-3307753715848140921149434985826767536991707722070382970046877815773154725
-7318226475092111357840677914550840859890136710575585505850980206896491480787441871324878
20356261756153277063739387029181137632477157280185865020319558250375044041115
938475979402907117235131059397458603945755783343839701705616904943406552421069221
8679577011773142182352333423304980508136680402366419523013581769048322078
-4851147616082739323
31448077486081423120229889145812247395728827151950156183881914332072751825049873536157876
-725832456856795301442047161058804010280545554594029710508
-5712509947420192601766393680808275327054505495802852886804752405078157350184128
-258066791838987369356085865051580
4187704467799311644885200968022235412457510334919610687920191800237
-158141811013066928675711089787099705683833257419794
-19746179908712976282877525570370013356595914542276675081319436580573
8555119747304026016056595053337756056
-6866526956555883540573919231393480803000553600622982578182402108513660089637112191499
-812934106822049751440620954831858042954021524848180822346720254474104893822759
82556883754441268500362996780971760073092032666337613205393827601822
783795170105038680976111756272779891238268919039120766115702
4182977434143080043021910847552515915384041364117802307160515547220832582232122204408252
-54241725545233292351210956603072742183257473517893985424
-310007534647176750668798792360819170520212952027940741504864015886990969829524586
2647547236955158972209201123482836319574382175501403265900068221733506
12335619206492650402718473539908972483623899
991742642545351554854578201368896040028655479443350418088280
566452367431372115343794289744356785872408586258
-1029448868006192927779168755293751522956154866776980638398679295671777453485198206141
-1241460209681764721580658118542310394799880318383809
-2494066503392164534612279668311499176641142557913083165458938659624377172512
9099568011887097318962823134620799914341044
-728657950187340925604477
2136964534507112108390634341546755657555392687187488721477202282294070551019348470
-1513639652430611539461355697854554205012778070107151188158413382885909175
102810267261560313924239703866201639855007570
1790855138262701282658258119
75607551792966829929026537910652381328089714515032
175984584325549197104383431732342086419948344008573330621474306171311544061879116
-128317063978786641287816503589224608329885180289390494956937776088123687918
-371489275842421013972507612542410786640394465457125557339133587128249789146110568
-348986825816935893944587415089975840290814346009128202729675310513752079714658104269
-8207663427725232856
-282191748850342191850696961245257634
-376040312145320556388061314112435015031539510005735595203895085
-3637959335037542767856938403775767401127108310940066528935
-780404654993149867184963477197484
29127646984481128588488724240985474458015600999256616317
686575967977035821587486127388745579111454949330848691955251570040691943290925324216
-6830034448461838364125822846128869710292301301463
-133153044926733110909157642821710264479244540522108599909303213608089049319318605602137442
-923044876872166000413869455451961
-56856819083032589609450180577105048684695837750750379784
1722697862442560921891994190514569966445055299409551372299704808164765
-6614257837923962874822802145498228247542962526397045400950295667532577707
-555400913355769820671184491568176578583840391425583033401144695316525135755
24875401030097999537977871
22179965039210508933709514847801940625206635924
2306685274274454298544566535130956027758033114566098
-6339482994100348967395572295374490261627193828542285081621381994927100
-16678097576331912896236257
-3229784728153172491601313410471900258497829
40605345142881221584055323571484942282
-41163813028023743248697970006046149013533727
-52228799453766413683939626448827883462618025744186424335965780446215993794787242737994
-7042007398646464238604086844191107187142100668967164809815019934832206286707
10361320121455712321626798817028440108198229138495388007304733415346499446
-3948064255136963706474207942708519528489572847320261274367584123884456191315659570
-9675647742619659550880243703224730198890833742690349957646380721982237410227957
-214518405452932309151030158594085009734905970305196006795678814250087653661156
-23748019879948558625788000318247649858871895657041769
-12597964160741767752572236071362176813878039843509563543921954119307
-1886426298387217196699406194609
6293579052243562147570645420584152817
-4413402713696740511164643509321531844826855183433679562576325124574516563045190
6163700657775399678290123877537158463541651129443188436920461335450117
1605847034858853684068230691236
-219733425500581316272924346224188585402787110658287232710356057296101313518750
-2544185308356303692087352949834475132159780410560083445316729831427
607978373848081732172054866048408221208070376967491453787925144999819407893316039874
-188659285447661620131329701192605801892260616466579443896
-361670169966435089541010721516775988540976976422900172564382995102816801490264516589615
9307752884421763135209083843461193014247685679146788826911769662425015346
-196951152534978933245793106175
-5860170654469239882680211877635465373369802253348640343877580869026
-15023233756160766506864122775452791033503888588118297782310351733
-55236549670408242218247443845164913334143984754244938871899720810390589413723338176
-173754025664493744723923397833264862310258891189953471184338323862477663503234
381110324294481880812302203270286380348115193782209350413156808621496249955333653267193
207337808441433672211025051167497489718758792828
274614674524045492564710988354111844875803494513609508
853826786286477423379085850217725323266502094688635277425324798
-60055957680721848191704343528939713006826346187312488463192904045
-10773788376779902435828225095940117674176426448604771424459803
8148330835272349495207495690318523388143050246117362412767409261230747746
1323673532898085810597489262315591643112314502957
-35182169026253258445099906163051829372189132928876452046295297633529287
-13822155381253614940245016932955566881323550679872951613270229719
-436594345215821002672911373493404483875260224400721331647243339475403700992
642393195457452520973898899984372746692897049087233308576709488944767567733579703241
1199793553
294697108093080238871195720411946941902420233
28819956405601931072205580844096203991108749875910549662304416337965492773713531
46491051060339735145175813782002922
1465914841438185985213228456274073376291337144720135704645
1358343041913112141377461748948629563528822594248742262873271272992042540823327557667
721936500427369411011680199935426382744981985716088369901932551300108964381290364050658
41209890940430077121163799926761294990385463978153326386
56620594325014277319786193785905377195408432370372984544820809778
341346207506595235149612405857283678181867770053118883744069779417096702334888666155344
7187980991708805316688366116934195207374889407322240397120976266094782411
-1095017838441681265543385946475573803356966854039208169533006251695924722590184418
-24792866067474316309525939736095709869621575582304040088442588797722757116422
333894929236036833430213561789281887300575786438
12637359067094240954043161315743675809101455050859966809097314625786
8499736222871877187640293524598143538785645205761980224793707258762315676919727470085343
983973786985521466360023141884973420089965501328
72683072684567347894844096333403819287299892911199672234791579
493898846187702234786271394359728692797872049826296289458621262962379336
193530168172798222726726312
-71756295286220729130491687212119832192
-179559761311323705328074786617258812501769404997515124802388
4107511366069901877845512750003463862545893709810181307700560850362245391491
-852863182171327954247238990730177828866334713373102120613551098424105705970140468454220
104048375578027373116527446889702911108787422886384987320771182
3111840494826859772
5394351194066484135223687213914721157669147479290983121434447646525359498990
-13786317388067254601294715743755200742679471
-9977523888047695446446179584281743726879065663237762149956991
1696725166459331520070311999829782883593468331336158683829905750236
-8159188343556866375190066055664973245134504186
-807986408566913500878525593647021854911885754082501094021312296722973973007702012114
15262797975970221229096967128524586407122020933296962144311490713482
19875305867124053665813600002220
-25076058736877228986835067780124366278815691774
763108656034725988614852980953255582959772713984759408213835435383150131186704500
-8980245063310355706714220
870464351954707205334085435965727791866621426791316635495028073004658187874246
-38037701708179206699179359487654810401635678888560701341559476
14682696978366787367418137036339182503972
193132878423425668981903693888245767034756667344267903981868669778
-49225029241044440547123122492068611873339102182019597950926
-6014736054537615605417018199122943055512909022
44656273737590430682079320680451
11867897013966918547688786341264539060748509472645414
120685081244600823431420349307945109246112531374414417992524147418258339853
15549373007728996070212345777571252203928973208481107561939782517669758544745066
-2547706780568542713806594464833376410324421950908846638376395598073341930131243380742
-43238175577085891862435901465354430095425878453202720800014953651445037
-22564174984438698371216545087866307595997243778005809121362703067126812831689739093679
-23540492072315813578394883973898445096825657528495238530
-10315276700130845448281352962768349903079029
1173589628520575352397348971602512804937185528779500239227858
43685970060693321197252307414082
7236384996669817595831845115240378514048254305481633368761802573649122886
120894607040950046984318352374828191420190865114691597599900079193906045044
389381666159533041613500663163705368456461276281319134953899462
-992636161599048022657987797703628731458
-60795246950914166884521397520947103821701411403617460363291848
37636571702908258365868808022723272236267283993872006175955035427248826
89524846074129075408625516296847319217412231518
5641640090758530515168594444151985485032127991070372628004537915323878513419638276
105530935069817870570970307207895926574514954635
-33867565491826710024369510396031476120183913664977972560849364203
854603383439167970125964666066740512870276017699986068960872
-733108016553639363897887668470496360438317489767450263690623603188683203897040819803477033
326484568755184262926364775287803966014080311744214148963731590705247565139810
12883445477719619337600884066105
-109123767022443318610244735194923730914433784072925246262502733390170554
-25424706704317327355995777444096116564892496824669821196766899690594555425623179821
-10452489479184955794351138732586225569323428271
-192345250712361131008636094105604474572181108135610
-307860858592054009053226148490634972149890250139471136613932008
36159734329013823431440421289640075969324456355033987722666087026244380691
-316953271062984962537294034830398385635036406618281577324492844706776
-160199592399865594991180715747590
-2370706744391247448359194085119137103632177591924838458417185254945326693257692977329436
-29743642203271
-1923354433465945751459379058966794901677620
84198607557049057033443971764399209378074194
384332782297888048081183976693742138161700318865520957111813318102463406409314
-451161041211188332519449793026520669233224152538876574148659397
41414313986622930552893634
22509578206443653665747581540642727554196437253485239876750017231179715409713459066017759
366623317300201253435638159056019075848303658236108938075067978346236917292819523700
945165856593054852915123628905378928595962689
4941807706979859966882960321480418325845004045221239882088
1393928012484478559696549650611280517939108303214784294633054340467
-4155270396344726065895553857315670958627170808566402957651
15805956536994831844310588830184367
-971550042062293826397465410813842110960958906124031558776250451
-100368164056115315709551057413988768590596675526270624914408847894580879809646
-83206578630234911582381560077253
-31600241855354265345873100562349871141
-48685571646835242724545639806560877334648326159199207
-93583315032467449440658667838076255513508564064634257334595264390476046836507690
8771108335397188914695739749730798179353426470032698810466262365335872695878105848259
-151468826999862241081014191641826674191
-5575622843920195845137590
-67101894573111011145774678022743717632245606650870708239122476428389896125657674
-45796942764902433372181891138887834579950181735841037446294440383746700407759598663
-2333257685382373096819959389826315361591081061462972002816849800699
1984467891334638990283884525767932827984
-7180169818265080380527940332994214005230976848948449788873146796523667962244
188507053506094559241039319718144853934333452398162413264766570975562862975810047105
1593612789723991619709791165543409126441113636440528305426381836734572115799201
-11032148226737842877764788346117245817273393596752187601702531937634458301319443353192
-804839187692999340649848414857360557184497507211438002223713189330813102769583148580
-207992355515576719038786593852930204758129232053519619717952624941172495166999528736403876
-3199386900191617696148223173068493922687999573010268716995078914019
495201024789134170630859359488055516471478334071779
5080994382765800016062499932221058
3146755714209525535753524677618723335469113543576513677919425577804234069749719052783
1829074032725276021540061393602124100205340927433396422
3716760423264849527581
15631325408876039720000975398726621193658564999848949342033736723694000061138227632
-676576521750141330180557449691023156443735
-37229514082180976305181151597523601663242593
-134479870404226020987015962932194054587140837652418765113258863280128491
-550758590924728021770190798389649260063254521522295466992809627
370002435879867618976504814360614206
49934602119652946554942127653625274010317490972713281313165000913
-205137937536870071600156061611655572353146204720931724057276271638117762909699823177
-1533002772334061690547184866309007492319131087312240087550767072432427117841520
-122543227183589796019616824169396692938827669971496982254518475705285913651479478308
341089120301680788
934368960789617739630918610380684588136823766272608972772647792729677442377716110
42108277376870806066887200514099346263985137427093508409203557167872957719
50807148421435946267751255506340538056573636442238162261650068511832903180094832490811120
-680626880010251940881714969248906704007815499152670136890435943073071327747
-52699022338673256513768097618305979536541827348712407423737711388837974597
4026754641354890415354284280852159710895582521346001555566839737028872073
-3843829135813860491307813663650918166058311316703033409807005350452
16309493275922879629877100547363534716845327739536094344452801
185546588883303568104240574178816621478664669492787592304254912314482099464389743993033735
-6121831667211394978891298344058513568286528949096127962910760004
388004868728579804617727702599658763714469610
-5405474655582463113291377563758356442829478792873138358502644453
-5767661
-331974209913198462511842297916248733087350099279735365807083223205053358973
31462523116218981364235743222169517525613339597261346688315156621576600412889825654446
2883239856469736090473707596979291778039367191206396422042858248316283080013
-286264783898854396360764791574
-143257004759979464096491715952594105873864891525964975856483588619657813672093256594438
-80389813150224226630625976
139329743362961355885220122193626033116134159846280701197051009809639884079058935925
81218390943990292544917301181180236566521089134616969559345480863314934598446585420960249
-222049643326505002883399324667735689316542516380781204695585270209328980037887738
-4055931563482458811403047822399464377392455463856413038757666820724534743682247249530369
1660569401914383164468788850648348478339578526019398756690998385190896612641489547
41107243612294961982092809424617240173344042884530256341169036447497988826862038893
16603566865323990
1784963628730895246483054453540274560386520664441558426766225745178
-193606254003167111348144425418314833143810054249876564521542469685446511441814998565
25765605074244503269751001481361286356330394976348670
6775479260542108614200448368425911807240612111646551637601456963481450431410
4235096646774302137611012666799327704959137999694322927481135545837650208707
493441284269347047351727512522746173668155547999670477500850681
48707573695824210479336
-3004378719541784218708112404173139663
2914271849984435386424933599976376530554936310567407304529145048152813824
9046852641144937840264048280897761367500462759468791153728453292985909
-2076967428901802877221957441514609
839949295995648591493462036962172173011980888509
44417791132091905475086879059968327077841764969288
-101754416932727691424044015848114981040597792272629910183148226082630721993273243
-222800444575795419390460132944831044644839789586826321806
2358637779841874890409604990307474692950
2459312671168701266724991187542776636216
3291007653271986405824146224066463665558852212275055469021888441214724
223275003406303760274525863491107681367101569
43451834690062123526084300493395543549947995
824641274321737293370088286479366175785736331873606668
2023035378381388906615311270506
-2695922713628304979345187739119077810198592042065560443735091915329489307822976608
11775441362504355616353774114556251684674954792595562028166656186895469656216
28121804815004823923898795650807283741136661994265995531383818765276941706349956880510
