-101432259012075536254226259557585248472973238550770443585294875270402549303,-4962209583953152457421
-32972555627408511017705922112169929852075818584354436267345705263542489658986,2168272714926134
-119601996664873949807173308505642066931172067234794750665658715807851255705779348,-1761004405579887
2941109779937676451683917290838605451798268091397373475888718283075673277363690493604,7751313864462555202371810
-1162053322000542297375585084788456688977748266841578751269861,19390772630309021606086361381937505777506622982999674229
32543943689663608,250037890407932531036564029714539790146185963549222869806375556437928
73815460183339523852403346230255,41005279950083
89538460755965273045597173078743642564819241738239117495,-21788511799519141712184546251022103260216099130156150
-65643010036678083237684814002869299139620671629482279917576,-862023981122600082
-580098709651011386744586653986522256483540794109,-133758399442935367493880001123200179800116525100712541053643
175707753846493203014518954683211614176195219330485412,41437028515576293522324344723595753001432968013484182577369626828748758541
735976278895443464819366461962625671149362010057994008766606165320824080316589,1096022108289544097846330148886958552954524
12588116889950478954,32638341500957278373065555376848205267325445375957719833265426243438551383574857334670
29169450597182290850553897688392,28128513738
-129979747049098129691839619227539964361504555516,-3464414144458817957593215697243154688192692795341794194564121159160
12639299284769476815,9421118265082206343427277029176723543020236058966612702604939447
47,4774784870244124877602387098
393221300864,28
-9852269224519085530428434004705796323508,13887383143805942090257584534617733869224327950904016642027886789
-35340457341663360119305958183034093748496697,150604967438306159404582
58416793922497219496958986898308744194454547,-10297391418772
-2342065962593459192347686692096042157804060709664,-16190148460341581886625919522746772380843653156
-6959,99467596
9252058073610658924285199463187144408965774834601351214021623338135117,1362299455551572395588129437615576798368871973540250481380262
125626002147070773623642242224089870907333182537397996856,-8251492
498820092023308613636478466184991829445139417127175947864,19842252611001919877121555016824480201878275742670
4012561857169123777952600356523881623422691,-3307753715848140921149434985830780098848876845848335570403401697396577416
-7316269649673174510941191879931551341776745215194113364789948585205758439947974298045113,-1956825418936846899486034619289518113391495381472141061031621690733040839467573279765
8148661597519237100458611653,20356261756153277063739387029181137632477157280177716358722039013274585429462
938475979402907117235131059397458603945812000355332252792790092767882040592754546,-56217011492551087173187824475488171685325
8679577011773142182352333423304980508136680402366419522968129386112919672,45452382935402406
-4701780,-4851147616078037543
31448077679159199446962987055395363527093765251281929702136533455775024393400168085271355,-193077776326733097909583116131364938099331773518254619123702272568350294549113479
-15592431571991755288774987,-725832456856795301442047161058788417848973562838740935521
35,-5712509947420192601766393680808275327054505495802852886804752405078157350184163
-19929385,-258066791838987369356085845122195
4187704467799311644885200968022235412457510334704165135589918924341,215445552330272875896
-326104805806069444244394772551,-158141811013066928675384984981293636239588862647243
-19746179908712976282877525570009006027947021676831985440298042937963,-361007328648892865444689641021393642610
4810730304,8555119747304026016056595048527025752
-1638590,-6866526956555883540573919231393480803000553600622982578182402108513660089637110552909
-812934106822049751440620954831858043293001510035866626131194507422957970361530,338979985187685803784474252948853076538771
82556883092550850132320090875220443932599877056551832540435476751038,661890418368042905905751316140492155609785780664958350850784
1435355047867331267532493954835333878840112294910524,783795168669683633108780488740285936402935040199008471205178
4182977434143080043021910847552515915384041364117802307160515547220832582232122204408252,0
-54241725545233292351210956574261776730037271978253387557,-28810965453220201539640597867
-310007534647176750668798791323201681597021705818249342185051921306543882537771843,-1037617488923191246209691399319812094580447087291752743
2647547227829697383314473053573191864666978851197451515503855784252823,9125461588894728069909644454907403324303951750396212437480683
12335619206492650416842471389285811238743975,-14123997849376838755120076
-83533458536547183434975282708881013775611777,991742642545351638388036737916079475003938188324364193700057
7263892205959149726709522812630,566452367431372108079902083785207059162885773628
-5090424976962,-1029448868006192927779168755293751522956154866776980638398679295671777448394773229179
3242527919,-1241460209681764721580658118542310394799883560911728
243585501955554111997,-2494066503392164534612279668311499176641142557913083165702524161579931284509
17429942034259218577708198712107075141239,9082138069852838100385114935908692839199805
-728657950187340925604407,-70
66796774811790403014754989940445778102019055587,2136964534507112108390634341546755590758617875397085706722212341848292449000292883
-307334281,-1513639652430611539461355697854554205012778070107151188158413382578574894
1597,102810267261560313924239703866201639855005973
1790855139108031014479359306,-845329731821101187
14645993,75607551792966829929026537910652381328089699869039
175984584325549197104383431732342086419948344008573330621474300431218531810380119,5740093012251498997
-6907956004823,-128317063978786641287816503589224608329885180289390494956937769180167683095
-3627320328327238864397259726231480841035588522434409010568229806133230748222450,-367861955514093775108110352816179305799358876934691148328565357322116558397888118
-348986825816935893944587415089975840290814346009128202729675310513753030596934443725,950882276339456
-8207663427725236905,4049
-2485420727196844084,-282191748850342189365276234048413550
-376040312145320556388061314112435015103930146635601085444085868,72390636629865490240190783
324840965371012414531206753471469465,-3637959335037542767857263244741138413541639517693537998400
410213988453830264365041561540,-780814868981603697449328518759024
29127646984482011112724780920854015356698874602742547532,-882524236056679868540898683273603485931215
34529396785044613335715041867968772259661981886167885631775,686575967977035821587486092859348794066841613615806823986479310378710057123039692441
-6830034448438051997651781001929263563039829296804,-23786366474041844199606147252472004659
-6855219025907382449079249373198560470016425821069709452926156688487377,-133153044926733110902302423795802882030165291148910039439286787787019339866392448913650065
-923044876872166000413869455451911,-50
-1849212805283508420797809,-56856819083032589609450180577103199471890554242329581975
5433975117075593895751260225321756366371855,1722697862442560921891994185080594849369461403658291146977948441792910
-6614257837923962874822802145498228247542962526397045400932847701764688194,-17447965767889513
15646453367606315070404940355177196,-555400913355769820671184491568176578583856037878950639716215100256880312951
70994250,24875401030097999466983621
22179965039210508933709514847737601589393159771,64339035813476153
2306685274274454298544566535130956027758033037111033,77455065
3413129532768301322514092815943905478604220,-6339482994100348967395572298787619794395495151056377897565287473531320
-16678097576331914068529972,1172293715
-3229785377673702710197968280108644709103512,649520530218596654869636744450605683
11631199745347748249572402,40605345142869590384309975823235369880
425788584406252293427,-41163813028023743248698395794630555265827154
-41658357559103532020274,-52228799453766413683939626448827883462618025744186424335965780404557636235683710717720
-7042007398646464238604086844191107187142100668967202095184534296225661381172,37285369514361393455094465
10361320121455712321626798817028440108198229154308847142763290793928704498,-15813459135458557378582205052
85884987746970626408740507570148730281166,-3948064255136963706474207942708519528489658732308008244993992864392026340045940736
-9675647742619659550880244038779202905112908587290721985131006030197101497870553,335554472706222074844600372027484625308214864087642596
281391581799110219132828024078628221266969354768270015529330717719363,-214518405734323890950140377726913033813534191572165361563948829779418371380519
-23748019879948558625788000318247648464520934039147802,-1394350961617893967
47119550092124449838778412358270714,-12597964160741767752572236071362223933428131967959402322334312390021
-1886426296695130914390136320182,-1692086282309269874427
6293527537535446540930833679161148411,51514708115606639811741423004406
65,-4413402713696740511164643509321531844826855183433679562576325124574516563045255
181896550457220422756675610153092849066348559000814546543,6163700657775217781739666657114401787931498036594122088361460520903574
356141,1605847034858853684068230335095
313668946108075309,-219733425500581316272924346224188585402787110658287232710356370965047421594059
-2544185308356303692087352949834475132159780410560083445300135250113,-16594581314
16659320319581389333339412953227,607978373848081732172054866048408221208070376967491437128604825418430074553903086647
-188659285447661620131329701192605801892260712730288487178,96263709043282
-361670169966435089541007130124904950715720195154456629596170784438073249659383796266085,-3591391871037825256781268443542968212210664743551830880720323530
9307752884421763135209083843461193014247685679146788826911769662546033538,-121018192
-196962997547898307771558942579,11845012919374525765836404
-5860170654469239882680211877546345312178330068846838501733051800154,-89120061191472184501801842144529068872
-15023233756160766506864122775452791033503888588118297782310351733,0
-55236549670408242218247443845164913334143984754244938871899720822243461595747512412,11852872182024174236
-173754025664493744723923397833264862310258891189953471184338323862477647260222,-16243012
-20303415941271044573585438328037300,381110324294481880812302203270286380348115193782209370716572749892540823540771981304493
-13971735393121,207337808441433672211025051167497503690494185949
274614674524045492564710988354111844875803494513602655,6853
853826786286477423379085850217725323266369529966843248113296427,132564721792029312028371
-60055957680721848191704343528939713006826346187312486802674807423,-1660518096622
703,-10773788376779902435828225095940117674176426448604771424460506
8148330835272349495207497067231254621994634256900572887869581323770836942,-1376912731233851584010783210475102172062540089196
2137052563173946326665105742143142053317218253852,-813379030275860516067616479827550410204903750895
-35182169026097024891191238410933784832251041166013385400810466970489460,-156233553908667752118044539938091762863066645484830663039827
-13822155381256047815130485087681508877850651553951713983622535489,2432874885468154725941996527100874078762370352305770
-436594345215821002672911373493404483875260704638421117675389410542369421976,480237699786028146071066965720984
26576743857698875689557827841169351179919891770418400644623909663433,642393195457452494397155042285497057135069207917882128656817718526366923109670039808
1142746760,57046793
-342801256549229716399098195385120052,294697108435881495420425436811045137287540285
28819956405601931072205580844096203991108749875910549662296921691566746213455070,7494646398746560258461
-839389973,46491051060339735145175814621392895
44265585415703434577913340859296114013604543591572,1465914797172600569509793878360732516995223131115592113073
1097811594293259499750527604829420446505873994580807752213810709714738985947,1358343040815300547084202249198101958699402147742868268292463520778231831108588571720
721936500427369411011680199935426382744981985716088369901932551274447375053184336117446,25661589328106027933212
41209890940430077121163799940587922494916486574018246787,-13826627504531022595864920401
-3733,56620594325014277319786193785905377195408432370372984544820813511
341346187772004200120620798007743780914915860625388255649642790126196300834858878301891,19734591035028991607849539897266951909427730628094426989290900401500029787853453
-549139076093796037038675571211344707953519785944074,7187980991708805316688915256010289003411928082893451741828929785880726485
-147448,-1095017838441681265543385946475573803356966854039208169533006251695924722590036970
-24790107422766334303909631291103978494753824822220925515378427313725498359759,-2758644707982005616308444991731374867750760083114573064161483997258756663
333894929236036833430213561789283405295944129906,-1517995368343468
-30276410433131492937285360920,12637359067094240954043161315743675809131731461293098302034599986706
-21488955494495553316635769326,8499736222871877187640293524598143538785645205761980224793728747717810172473044105854669
983973786985521466360023141884973420084029523094,5935978234
72683072684567347894844096333403819287298760417866752189133726,1132493332920045657853
493898846187702234786271394357113255365612885207050552385213546671661598,2615437432259164619245737073407716290717738
193572545424021400993549532,-42377251223178266823220
-138422493350036,-71756295286220729130491548789626482156
-179559761311323705328074786617258812501769404997515124807213,4825
-96416619135100943017919784401204223451260144595979324654191368014982700,4107607782689036978788530669787865066769344969954777287025215041730260374191
-852863182171327954247238990730177828866334713373102120613551098424105705970140329177827,-139276393
104048375578027373116527446889702911108787422886384987318004680,2766502
-259103546617274265,3370944041444134037
5394354662023510484613443272737029736489731902241406640060023648880736835413,-3467957026349389756058822308578820584422950423518625576002355377336423
-25192265076201400975030629555674656585729270,11405947688134146373735913811919455843049799
-9977523888047695446446179584281743726879065602631645056192804,-60606117093764187
780934776681197687263671548993062584979652550174646252474918491833,915790389778133832806640450836720298613815781161512431354987258403
-8159188343556866375285954259161666192399743133,95888203496692947265238947
-807986408566913500878525593647021854911885754082501094021312296704220404180629416476,-18753568827072595638
15262797975970221229083438505587586811254090104177145179214248985601,13528622936999595867930829119816965097241727881
-30833982,19875305867124053665813630836202
17142216494069486015997765,-25076058736877228986852209996618435764831689539
763108656034725988614852980953255582959774203215206356586198678593933881012319406,-1489230446948372363243210783749825614906
-8515778131560454473423510,-464466931749901233290710
870464351954707205334085435965727791866621426399370898938155324476799938109234,391945736556872748527858249765012
-352520723377185666598692413,-38037701708179206699179359487654810049114955511375034742867063
-24738,14682696978366787367418137036339182528710
193132878423425668981903669556931200936318988692046942718915086034,24331314566098437678652220961262953583744
1122764363045778340190723429250672275343898086615492357058,-50347793604090218887313845921319284148683000268635090307984
-134153441836445,-6014736054537615605417018199122808902071072577
44656273736488342286124690843403,1102088395954629837048
23324849763779511002897,11867897013966918547688786341241214210984729961642517
-1474625449771848971,120685081244600823431420349307945109246112531374414417993998772868030188824
-16064444071233764514765210372325240,15549373007728996070212345777571252203928973224545551633173547032434968917070306
-2547706780568542713302762767619066328077721751687526669961871302657053589136193983829,-503831697214310082246700199221319968414524295416288340995049396913
832922816375283459056289,-43238175577085891862435901465354430095425878454035643616390237110501326
-22564174984438698371216545391894569801514685252680718662052543035107952996337661885971,304028262205517441474674909540689839967981140164647922792292
-19301714535361095772135381021564983,-23540492072315813578375582259363084001053522147473673547
-10315276700130845448281353089731770668902255,126963420765823226
135585841910629486422926379593672771592570182850524579501,1173454042678664722910926045222919132165592958596649714648357
43685970060693321197252307714772,-300690
4977074766062028,7236384996669817595831845115240378514048254305481633368756825498883060858
120894607040950046984318352374828214680495560779541496381201002390989125387,-23260304695664849898781300923197083080343
2150968262917023841520384405103036563371888475182,389381666159530890645237746139863848072056173244755763065424280
273998518765186570520191276466714,-992636435597566787844558317894905198172
-60795246950914166884521397520947103821701411403617460363310722,18874
-12715003580619121516,37636571702908258365868808022723272236267283993872018890958616046370342
-88039634227818966880,89524846074129075408625516384886953445231198398
96718200564683755063911490365808674445403,5641640090758530515168594444151985485032031272869807944249474003833512704745192873
105530935069817870570970307207895926574476938157,38016478
-33867565491826710024369510396031476120212930942973032123474878485,29017277995059562625514282
854603383439167970125964666066740512870276017699986069040133,-79261
330013862098453939025475914668538191348371629395938614300308749205887693,-733108016553639364227901530568950299463793404435988455038995232584621818197349569009364726
326484568755184262926364775287814044017712537305755499910744847573901872867964,-10078003632225561541350947013256868654307728154
12883445477719619337635166492569,-34282426464
-109123767022443318610244735194923730914433784072925246262502733390513917,343363
-25424706704317327355995777444096116566095854774104073487727675692141549315428462381,1203357949434252290960776001546993889805282560
-10452489479184953074238295852220826132383404272,-2720112842880365399436940023999
-192345250711512009391086480519308861421143668195769,-849121617549613586295613151037439939841
-307860858592054009053226172431875947377095403707646026451044740,23941240975227205153568174889837112732
36159734329013823431440421289640075969324456355033987722666087026244019090,361601
600413172558182063097036837507752989,-316953271062984962537294034830398986048208964800344674361330352459765
211079612764863621,-160199592399865806070793480611211
-2370706744391247448359194084032218509349011697016732074621867395723507557782581941335570,-1086918594283165894908106383795317859221819135475111035993866
-1385,-29743642201886
-1923324394040106266655996207777711174055884,-30039425839484803382851189083727621736
84198608176324151103831882125816409583391250,-619275094070387910361417200205317056
384332782297888048081183976693742138161700318865520957116457747342562071056350,-4644429240098664647036
-451161041211188332519449793026520669233224152538876574148659906,509
18,41414313986622930552893616
-104162097502774314598462259259598619,22509578206443653665747581540642727554196437253485239980912114733954030008175718325616378
-56023858233921288458345436363880910228374040997038,366623317300201253435638159056019131872161892157397396420504342227147145666860520738
273635896106022636613957625324353332142362700,671529960487032216301166003581025596453599989
-8521003288112421847,4941807706979859966882960321480418325853525048509352303935
1393928012484478559696549650611280517939108303214784294634926502005,-1872161538
-354545239081893,-4155270396344726065895553857315670958627170454021163875758
27404237844206228488,15805956536994804440072744623955879
-971550042062293826397465410813842110960958906123564809988787165,-466748787463286
-7567588153005384505672450407640147024713029395212486126703314713436072778160,-92800575903109931203878607006348621565883646131058138787705533181144807031486
-83206578630234911582492941517979,111381440726
-31600241855354265345871189771293377289,-1910791056493852
-48685571646835218136095863564990125579471316479383890,-24588449776241570751755177009679815317
30150836080072577208593859299949675375748330084361503251283994098032,-93583315032497600276738740415284849372808513740010005664679625893727330830605722
62998581298986406262984098994590,8771108335397188914695739749730798179353426470032698747467681066349466432894006853669
141862,-151468826999862241081014191641826816053
-1817730969,-5575622843920194027406621
10851896630462800326,-67101894573111011145774678022743717632245606650870708239122487280286526588458000
-45796942764548108645852418612282083855218718243490846575475641297468338630549940496,-354324726329472526605750724731463492350190870818799086278361777209658167
-2332882648554515070795679654184904932941814251916486824746380446481,-375036827858026024279735641410428649266809546485178070469354218
6134489020451023395730052807334108028,1978333402314187966888154472960598719956
12917751570387,-7180169818265080380527940332994214005230976848948449788873146809441419532631
188507053506094510549239174471957111430407565098900757841257551688972176608647780254,48691800145246187742503925887299261655423509019286590686367162266851
1593612789723991619709791165543543499587775967904656875606989746535238307251717,-134373146662331464128570180607909800666191452516
-11032148226736165507392821489200548589335013432198487077646362387322683289377610792762,-1677370371966856916697227938380164553700524056169550311775011941832560430
-804839187692999340649847599799924783242470896354092463226265013061747787514078306627,-815057435773942026610857345538997448176269065315255504841953
-207992355515576719038786593852930204753379315595795293904841657605318714955741467510188699,-4749916457724325813110967335853780211258061226215177
-3199386900191617696148223173068493922687999573010268153053998341349,-563941080572670
131654593520941215881177189415060,495201024789134170499204765967114300590301144656719
26813904002429254,5080994382765799989248595929791804
3146755714209525535753524677618723335469113543576513677919425577804234069749328420249,390632534
-1954353826380587712657222952849968696623018,1829074032727230375366441981314781323158190896130019440
23128,3716760423264849504453
1,15631325408876039720000975398726621193658564999848949342033736723694000061138227631
-676555272003683298003720509408681486884880,-21249746458032176836940282341669558855
0,-37229514082180976305181151597523601663242593
70421455223292985213155477414635519029541679635858362128400358806916854,-204901325627519006200171440346829573616682517288277127241659222087045345
-474817204794597928020194046516070868094265072022431886946860695,-75941386130130093749996751873578391968989449499863580045948932
370002435879867618976504814360533145,81061
-12513982927711896205220420348641663429576,49934602119652946554942140167608201722213696193133629954828430489
-205137937536870071600156061611655572353146204720931724057276271652641261270025532964,14523498360325709787
15718179005903482944930374993896854113277468293640994195,-1533002772334061690547200584488013395802076017687233984404880349900720758835715
-20529418205531062474658388877056813,-122543227183589796019616824169396692938827669971476452836312944642811255262602421495
341089120301708472,-27684
-1026470523625793,934368960789617739630918610380684588136823766272608972772647792730703912901341903
-514948016567160256474793791647459687756279836165313505,42108277376870806067402148530666506520459931218740968096959837004038271224
-253374933359169894234613064070072605,50807148421435946267751255506340538056573636442238162515025001871002797414707896560883725
441301579781174724468178988255,-680626880010251940881714969248906704007815499593971716671610667541250316002
-5163514516897478427151843376802558722053827313,-52699022338673256513768097613142465019644348921560564046935152666784147284
1114138873673404129285995016878063710777407297776258931075490389854,4026753527216016741950154994857142832831871743938703779307908661538482219
-3843829135813860491703631571353012544285885294186844274412394062705,395817907702094378227573977483810864605388712253
-10991356150452149699221,16309493275922879629877100547363534716856319095686546494152022
903296294368928818449863767339516614941676549284706074844157208579,185546588883303568104239670882522252549846219629020252787639970637932814758314899835825156
-6121831667211394978891263677969688644924753160069449609215848245,-34666088824923361775789026678353694911759
388004868728579804617727702579561508529238708,20097255185230902
-5405474655582463113291377563758356442829478792873138358502539726,-104727
-5767572,-89
46296262385901828724937805013,-331974209913198462511842297916248733087350099326031628192985051929991163986
219259086553435732616413633171211714928552834437572089621782405024,31462523116218981364016484135616081792996925964090134973386603787139028323268043249422
4258597138978835419036203220500703264080130447553,2883239856469736090473707592720694639060531772170193201542154984236152632460
-286264783898853311355612988687,-1085005151802887
-143257004759979464096491715952594105873864891525964975853494028829826345297910234406217,-2989559789831468374183022188221
-80389813150224350063413476,123432787500
22040187403269221436894034483625633089473880164554173999259761,139329743362961355885198082006222763894697265811797075563961535929475329905059676164
917798058462722031874980222352003311187852,81218390943990292544917301181180236566521089133699171500882758831439954376094582109772397
-222049643326505002883399345265595236724451679483540340506246453200801677639681471,20597859547407909163102759135810661182991472697601793733
-3166429328993822892346651588161103314295836964190781999456458440149197684562560216641458,-889502234488635919056396234238361063096618499665631039301208380575337059119687032888911
-332086236590947946667902631667526008202850154546682188722582099569906497572879339,1992655638505331111136691482315874486542428680566080945413580484760803110214368886
41107243612294961982092809424617240173074043862133857827796546748548343514925065320,269999022396398513372489698949645311936973573
-141859337534799,16745426202858789
1784963628730895246483054453540274560386520669883875646863159091808,-5442317220096933346630
4751935369816662,-193606254003167111348144425418314833143810054249876564521542469685451263377184815227
25765605074244503269991711381937005240914390387206977,-240709900575718884583995410858307
6775479260542108614200448368425911807240612111646551637601456934220605729912,29260844701498
4235094180118324184108514568079770962609907143234582617399875376520497702200,2466655977953502498098719556742349230856459740310081260169317152506507
493441284269347047351727512522746173668155547999670477500850682,-1
65848326438304150,48707507847497772175186
-3004378719541784218708112398083370056,-6089769607
-584830642728209842780085594848019058430817227371734641225747423,2914271850569266029153143442756462125402955368998224531900879689378561247
39413892014194740867173771,9046852641144937840264048280897761367500462720054899139533712425812138
-4582978500131604584259865100838853167,4580901532702702781382643143397338558
839949413460748126458979454367280347840363997438,-117465099534965517417405108174828383108929
44417791132111257817758764203371778266545005783644,-19352342671885143403451188703240814356
-101754416932727691424044015848114981040597792272629910183598236619793936166093041,450010537163214172819798
-222800444575795419390460132944831044644839789586944112077,117790271
2358054675631124423981453131731413534227,583104210750466428151858576061158723
94828074124276983049422880,2459312671168606438650866910559727213336
903626449109,3291007653271986405824146224066463665558852212275055469020984814765615
223283086711393593383548707414698403539341345,-8083305089833109022843923590722172239776
43451834690062122908189559325802797869985465,617894741167592745679962530
76413151853030639144515468517650494419607,824641274321660880218235255840221660317218681379187061
2023035378381388906615831136942,-519866436
-2694926071169324074544968317278679133884749647864399489611461430258651881193856218,-996642458980904800219421840398676313842394201160954123630485070837426629120390
338614944,11775441362504355616353774114556251684674954792595562028166656186895131041272
28121804815004823923898795650807283741136634435123812620285925945888045487687357968990,27559142182911097892819388896218662598911520
